<?xml version="1.0"?>
<opencv_storage>
<R type_id="opencv-matrix">
  <rows>3</rows>
  <cols>3</cols>
  <dt>d</dt>
  <data>
    9.9982082104201031e-001 -9.9284873966584836e-003
    -1.6116790899396438e-002 8.4387446821979316e-003
    9.9590550093609864e-001 -9.0005670895822537e-002
    1.6944420883262735e-002 8.9853538290001866e-002
    9.9581083959640548e-001</data></R>
<T type_id="opencv-matrix">
  <rows>3</rows>
  <cols>1</cols>
  <dt>d</dt>
  <data>
    -6.2609188382192274e-002 3.2149170410984002e-002
    1.4030253972617431e-003</data></T>
<E type_id="opencv-matrix">
  <rows>3</rows>
  <cols>3</cols>
  <dt>d</dt>
  <data>
    5.3290930138131859e-004 1.4914360034291212e-003
    3.2140772621454317e-002 2.4636504437403782e-003
    5.6117271856313492e-003 6.2324296182366200e-002
    -3.2671752911646479e-002 -6.2033642485731288e-002
    6.1533234616850466e-003</data></E>
<F type_id="opencv-matrix">
  <rows>3</rows>
  <cols>3</cols>
  <dt>d</dt>
  <data>
    -2.5026679879017116e-007 -7.0041358484664949e-007
    -1.0450081127917666e-002 -1.1569883409647485e-006
    -2.6353994102316728e-006 -1.9751659400646569e-002
    9.8424629733519751e-003 1.8894844035130323e-002 1.</data></F>
</opencv_storage>
