<?xml version="1.0"?>
<opencv_storage>
<R type_id="opencv-matrix">
  <rows>3</rows>
  <cols>3</cols>
  <dt>d</dt>
  <data>
    9.9990589453489886e-001 -1.1356978983192476e-002
    7.6955248514367887e-003 1.1216377303890166e-002
    9.9977373928206703e-001 1.8073824225389119e-002
    -7.8990476983326532e-003 -1.7985807469469074e-002
    9.9980703927064385e-001</data></R>
<T type_id="opencv-matrix">
  <rows>3</rows>
  <cols>1</cols>
  <dt>d</dt>
  <data>
    -6.2522026957149715e-002 3.8055657495766816e-002
    5.0535383912578991e-003</data></T>
<E type_id="opencv-matrix">
  <rows>3</rows>
  <cols>3</cols>
  <dt>d</dt>
  <data>
    -3.5728584706651539e-004 -5.7368567028763112e-003
    3.7956977483740453e-002 4.5591983525462183e-003
    -1.1819020687525224e-003 6.2548852291504850e-002
    -3.8753346894573833e-002 -6.2075683376072770e-002
    -1.4228703834350044e-003</data></E>
<F type_id="opencv-matrix">
  <rows>3</rows>
  <cols>3</cols>
  <dt>d</dt>
  <data>
    -2.9730347788938845e-008 -4.7737335915258092e-007
    2.3659523172822991e-003 3.7937841723659465e-007
    -9.8348021187008316e-008 3.3351376477916265e-003
    -2.0591578631038070e-003 -2.9930268352846975e-003 1.</data></F>
</opencv_storage>
